This is a 250 shot experiment on the Fredkin Gate with 1000 loops
Pre:, Ac1: 
 166,  165
 242,  246
  74,   79
 113,  128
  56,   56
   4,    6
 219,  215
 243,  241
 214,  220
 140,  142
 169,  162
  90,   86
 235,  236
  54,   60
 125,  125
   3,    4
 181,  182
 171,  178
 111,  115
  60,   58
 183,  189
 217,  214
 198,  211
 143,  140
  62,   64
 178,  184
 161,  165
 187,  189
 150,  146
 224,  220
  98,  102
  30,   39
  37,   37
 223,  226
 227,  233
   8,   12
  94,   87
   4,    2
  88,   88
  75,   82
  83,   87
 201,  199
  27,   29
 101,  100
 218,  217
 148,  147
 208,  211
 114,  112
 227,  235
  32,   38
  11,   14
   2,    2
 163,  169
 226,  235
 243,  247
  88,  100
  37,   39
 231,  234
  82,   88
 153,  150
 154,  155
 161,  163
 218,  214
 123,  120
 241,  238
  98,   75
  28,   24
 217,  212
 235,  232
  68,   58
 242,  241
 137,  136
 178,  173
   7,    8
   8,    7
 173,  167
  14,   22
 114,  118
  34,   43
 150,  144
  11,    6
   0,    0
 172,  170
 134,  121
 235,  240
  83,   74
 187,  197
  26,   28
  36,   37
 233,  231
 221,  218
  38,   36
 128,  108
  15,   13
 230,  230
  44,   47
 208,  208
 237,  237
 244,  243
 249,  249
  21,   26
 132,  129
 219,  221
 129,  135
 146,  144
  28,   21
 143,  135
  58,   62
  28,   37
 120,  116
   1,    2
  77,   64
 199,  200
  39,   36
  98,  101
 119,  114
 145,  148
 212,  215
 220,  223
 189,  186
 178,  168
 191,  192
  55,   51
 193,  203
 222,  216
 243,  244
  35,   44
  84,   77
  64,   65
  29,   28
 121,  127
 128,  130
 216,  217
 171,  167
  25,   27
  28,   24
  86,   85
  78,   75
 191,  194
 103,  121
   1,    0
 186,  198
  58,   66
 167,  158
  53,   51
 229,  228
  83,   90
  68,   65
 168,  181
  31,   37
 205,  212
 113,  109
 152,  161
  14,   14
   6,    6
  68,   72
  12,   14
 112,  102
 243,  245
  64,   78
 147,  139
  54,   44
  56,   45
 133,  141
  98,   91
 211,  215
  96,  109
 115,  119
 137,  149
  19,   14
 249,  250
  63,   76
 108,  128
 224,  226
  85,   88
 154,  157
  52,   41
 162,  158
 111,  116
 203,  207
 213,  223
  52,   63
  40,   40
  69,   69
 194,  200
 119,  127
 218,  215
  42,   44
 229,  230
  67,   71
  90,   89
 226,  221
 204,  214
   7,    6
 231,  226
  91,   82
  18,   12
  46,   41
 209,  205
 156,  160
 218,  218
 242,  243
   6,    4
   0,    1
 205,  206
   8,   10
 226,  218
  43,   49
 237,  236
 150,  146
  71,   77
 105,  105
 199,  198
  27,   29
  59,   62
  67,   63
 205,  203
 215,  226
  89,  102
 186,  183
  35,   42
 150,  155
   4,    2
   6,    7
  76,   61
  91,   91
  82,   88
 153,  157
 213,  211
  44,   40
  30,   27
  63,   62
 220,  213
 127,  135
 200,  199
 133,  124
 158,  177
 185,  179
  45,   41
   9,   12
   7,    6
 228,  225
  38,   36
 220,  216
 193,  192
  75,   68
  26,   23
  67,   69
 146,  136
  91,   98
 148,  152
  97,   90
 199,  198
 113,  124
 155,  164
 111,  109
 184,  179
 182,  185
  39,   47
  30,   26
  15,   19
 190,  181
 219,  224
   2,    1
 187,  176
  20,   26
 204,  197
 141,  135
 208,  204
 197,  189
  17,   14
  54,   55
  78,   83
 246,  246
  97,   86
 227,  221
  17,   18
 223,  228
  94,   93
 174,  167
 119,  119
  94,   91
 179,  171
 175,  182
 204,  207
 139,  130
   8,    5
   9,    8
  95,   96
 124,  133
  15,   15
 227,  227
 216,  217
  83,   73
 237,  242
   9,    6
  26,   36
  15,   14
  66,   63
 158,  153
 189,  181
  19,   16
  11,    8
  16,   21
 107,   99
 180,  164
 107,  104
 221,  223
 157,  157
  53,   47
  81,   58
  51,   47
  79,   99
 242,  240
  69,   77
 232,  235
 199,  201
  54,   44
 138,  148
 247,  245
 249,  249
  17,   23
 120,  112
 228,  228
  27,   27
 211,  215
  57,   63
 217,  224
 102,   99
 141,  144
  33,   30
 146,  159
 194,  201
  42,   48
  93,   95
 199,  199
  22,   24
  70,   67
 239,  240
 242,  243
  34,   45
 231,  239
 223,  221
  91,  103
  71,   66
  77,   80
 245,  246
 168,  163
  10,   11
   3,    4
   2,    2
 127,  119
 225,  228
  13,   11
 239,  234
 136,  135
 201,  208
 239,  239
  51,   50
 249,  250
 173,  159
  84,   82
  70,   80
 243,  244
 147,  148
  29,   28
  37,   38
 133,  122
   8,    8
  19,   17
  80,   97
  54,   52
  18,   15
 246,  247
 237,  238
 139,  139
  30,   24
  69,   79
   7,    6
 211,  210
 247,  249
 100,  103
 169,  163
 228,  237
  12,   18
  24,   31
  44,   51
 105,  108
 198,  195
 115,  106
 165,  151
 163,  149
 151,  148
  34,   41
  33,   37
  26,   31
 161,  171
  54,   49
 243,  243
 193,  197
 161,  151
 102,  104
 103,  105
 219,  220
  35,   31
   9,   10
 239,  239
  84,   77
 169,  172
  28,   20
  91,   89
 190,  188
  25,   21
  38,   37
 176,  179
 142,  143
 222,  226
 128,  125
 211,  218
  79,   66
   9,    9
   7,    8
  84,   68
   1,    0
  78,   84
 205,  210
  16,   16
  31,   32
 156,  149
   0,    0
  47,   52
 119,  108
  47,   54
 249,  249
  45,   50
 215,  207
  49,   53
  16,   17
 122,  104
  79,   98
 246,  245
  54,   60
 169,  164
 185,  181
 245,  244
 160,  159
  10,   16
 169,  193
 144,  140
 165,  148
  31,   26
 127,  135
 204,  195
 209,  206
  60,   68
 161,  160
 156,  152
 198,  205
  58,   50
 133,  145
 158,  160
 206,  216
  13,   10
 117,  116
 194,  199
  48,   48
 246,  247
 174,  173
 108,  101
  75,   67
 196,  199
 120,  119
 187,  190
 221,  216
 240,  238
  33,   31
 167,  169
   2,    4
  92,   76
   9,    7
 222,  227
  44,   49
 247,  249
 199,  211
 187,  182
   1,    4
 199,  209
 200,  204
  42,   37
 174,  172
 241,  239
  30,   31
   0,    0
 173,  173
  41,   38
  89,   95
  10,   10
 119,  118
 160,  158
  31,   35
 245,  241
  14,   15
 225,  228
 216,  222
 152,  153
 247,  248
  95,   83
   5,    7
  42,   46
 174,  175
 193,  190
  21,   16
 217,  220
  33,   39
 230,  229
 193,  191
 175,  175
  90,   86
   0,    0
 170,  151
 225,  230
  69,   72
  49,   58
 241,  241
 222,  228
 163,  166
  47,   43
 124,  125
 207,  210
  40,   36
 134,  148
 193,  201
 205,  208
   9,   13
 219,  216
 187,  199
 136,  145
   7,   10
 239,  236
 188,  195
  12,   11
 183,  181
 177,  175
 109,  107
  27,   29
 126,  125
 104,  107
 133,  123
  69,   55
 228,  227
  94,   91
  79,   65
  64,   77
  42,   45
  22,   18
 214,  222
 187,  191
  48,   47
  78,   69
  43,   46
 226,  228
 159,  166
 208,  210
  53,   63
  70,   72
 170,  166
 201,  210
  36,   21
 183,  186
 117,  106
  11,   10
 229,  230
 201,  196
 127,  124
 112,   99
 230,  231
  50,   41
 161,  160
  23,   20
 249,  250
 226,  228
 218,  220
  15,   22
 176,  177
 106,  104
   3,    5
 149,  142
  20,   18
 248,  247
 149,  130
  76,   67
 235,  228
 107,  107
  65,   66
 172,  179
  11,   11
  67,   67
   2,    2
  68,   58
 167,  153
 207,  212
  15,   16
 196,  198
 111,  115
 120,  116
  64,   63
 247,  245
 152,  156
 102,   99
 127,  126
 138,  125
  16,   11
 105,   95
 149,  154
 161,  174
  45,   31
 116,  113
 200,  203
   7,    8
  53,   55
 179,  171
  68,   72
  22,   16
 144,  156
 103,  103
  26,   26
 234,  229
 186,  183
   1,    0
 189,  179
 248,  249
 228,  230
  11,    8
 161,  165
 154,  150
  78,   79
 164,  160
  72,   81
 235,  232
 142,  139
 244,  247
 160,  156
  13,   11
 188,  197
  60,   65
 232,  230
 246,  247
 171,  172
  14,   14
  10,   11
 113,   91
   5,    6
 113,  114
 142,  157
  16,   20
 235,  235
  14,   10
 132,  139
 245,  247
  73,   67
 195,  200
  50,   53
  43,   48
  74,   73
   0,    0
 208,  207
  94,   97
 225,  235
 219,  213
 249,  249
  66,   76
 144,  152
  24,   28
   1,    2
  78,   84
 175,  181
  33,   32
 106,  111
  11,   10
  49,   56
 234,  229
 170,  178
 128,  111
 245,  245
 208,  202
  92,   95
 167,  166
  45,   45
  66,   69
  59,   65
 158,  155
  23,   16
 238,  241
 149,  153
  98,   98
 205,  207
  82,   79
 143,  151
 109,  112
 163,  162
 203,  198
  95,  102
   0,    0
 210,  212
 151,  147
 161,  174
 196,  204
 184,  186
  17,   10
  83,   79
 109,  115
 211,  211
   5,   12
 246,  245
  21,   24
 244,  245
  13,   14
 210,  203
 115,  102
 213,  213
  79,   74
 142,  149
 102,  104
   4,    4
  12,   13
 179,  178
  67,   72
  90,   90
  74,   63
 201,  187
 243,  247
 127,  119
 139,  145
 239,  238
 236,  239
 133,  133
 103,  119
   2,    2
 194,  202
 111,  112
 219,  222
 170,  166
  40,   39
 239,  236
 240,  246
 245,  245
   2,    1
  46,   42
  68,   71
   0,    2
 132,  139
 132,  126
  89,   95
  35,   36
 174,  187
 222,  218
 102,   87
 166,  168
 233,  227
 142,  149
 222,  225
 136,  129
 108,   97
  67,   71
 120,  119
  27,   41
 163,  164
  29,   33
 238,  237
 236,  242
 247,  248
  98,  105
 169,  163
 239,  237
  48,   52
 148,  134
 145,  138
 179,  176
  62,   70
 154,  147
 181,  184
  34,   36
 118,  122
  18,   19
  24,   16
 208,  214
  37,   38
 247,  248
 207,  209
 167,  167
 134,  128
  33,   32
 212,  208
  35,   29
 242,  243
  66,   76
 219,  216
  73,   60
 159,  151
  20,   20
 124,  124
 130,  145
 207,  209
  89,   92
 208,  204
  40,   36
  80,   72
  33,   33
 198,  205
 144,  151
  41,   44
  48,   54
 170,  165
 239,  243
  30,   30
  82,   82
 191,  187
 121,  122
 216,  216
 120,  115
 216,  215
 119,  129
 108,  110
  91,   86
   9,    5
  59,   52
 230,  235
 140,  146
  84,   99
  54,   47
  28,   31
 119,  113
 135,  140
   8,    9
 204,  213
  89,   90
 224,  222
 181,  186
  59,   56
 140,  145
  59,   48
 119,  122
 187,  182
  38,   39
 248,  250
  98,   95
  61,   85
  54,   44
 156,  150
 218,  213
 114,  111
 162,  160
 211,  216
 230,  228
  70,   72
   5,    9
  46,   51
 240,  245
 229,  237
 182,  174
  15,   17
 200,  198
 183,  186
 209,  217
  94,   80
 185,  189
  18,   21
 139,  136
  13,    8
 233,  230
  45,   38
 244,  244
  46,   42
 199,  204
  76,   66
  64,   64
  37,   40
 155,  161
  19,   18
 247,  250
  12,   16
 244,  245
  12,   13
 168,  181
  29,   28
  14,   14
 216,  215
 178,  187
  79,   85
 191,  198
  51,   61
  35,   33
 157,  146
  98,  105
  94,   88
  74,   77
  43,   41
  64,   58
 182,  176
 236,  242
  30,   34
 143,  143
  99,  110
 236,  231
 205,  201
  71,   76
 105,  106
 168,  169
 156,  162
 135,  124
 247,  247
  27,   22
 136,  144
 249,  250
 194,  197
 206,  205
  18,   21
  17,   17
  25,   27
  99,   94
 187,  185
 115,  111
  13,   18
  11,   11
 164,  160
  43,   47
  78,   85
 249,  249
 149,  145
  45,   43
   0,    0
  16,   18
  40,   40
  62,   58
 237,  237
 157,  161
 126,  124
   8,   16
   8,   11
  99,  109
  35,   44
  32,   23
 209,  203
 240,  237
 209,  210
  67,   65
 187,  181
 188,  176
  64,   65
 198,  192
  64,   70
  91,   94
 200,  200
 109,  105
 141,  158
  90,   91
 220,  226
 249,  249
 211,  210
 232,  230
   2,    3
 193,  204
  54,   51
  33,   30
 216,  221
  45,   30
 132,  146
 237,  232
  16,   17
  73,   82
  37,   27
  83,   90
 121,  116
  10,   10
 180,  187
 132,  145
 188,  191
 103,  106
  22,   21
  93,  104
 191,  202
 216,  217
  13,   16
 201,  211
  19,   21
 242,  241
 248,  249
 134,  134
 102,   97
  74,   71
 103,   96
  47,   50
  30,   32
 132,  126
 195,  195
  33,   30
  91,  105
 104,   99
  55,   57
   5,    4
