This is a 250 shot experiment on the Troffoli Gate with 1000 loops
Pre:, Act: 
 107,  120
 102,  109
 151,  168
  99,  102
 153,  152
  40,   43
 220,  219
  58,   50
 134,  139
  12,   11
  97,   94
 170,  168
 236,  236
 139,  146
 163,  168
 185,  185
  71,   80
  64,   57
  82,   84
 117,  109
  46,   44
  17,   12
  90,  100
 118,  117
 124,  129
  85,   91
 205,  211
 233,  228
 214,  208
 135,  143
 172,  175
  94,  101
  26,   21
 125,  127
  33,   21
  94,   83
 227,  224
 191,  187
  91,   94
 107,  103
 125,  123
  85,   72
  56,   49
 166,  178
  45,   37
 162,  165
  17,   13
 104,   92
  56,   59
  98,   91
 104,  103
 239,  243
 121,  117
 223,  226
 200,  204
 230,  234
  33,   31
  37,   34
  22,   25
 146,  159
 109,  115
 164,  145
 201,  204
 125,  114
 153,  162
 229,  240
 134,  138
 225,  228
 245,  244
 240,  241
 111,  111
 171,  166
 169,  176
 242,  244
 179,  175
 144,  131
 149,  156
 158,  151
  55,   54
 164,  160
 133,  145
  88,   88
  78,  101
  38,   35
 107,  104
  13,   11
 124,  135
 212,  212
  11,    9
 191,  196
 108,  105
 167,  171
 130,  131
 202,  207
 108,  112
  83,   70
 102,  108
  15,   13
 123,  107
 124,  131
  88,   90
 154,  150
 111,  116
  21,   21
 196,  198
 225,  225
 156,  156
  32,   31
 184,  188
 249,  250
  23,   25
 201,  204
 236,  238
  80,   82
 128,  132
 229,  232
 117,  120
 107,   94
  98,   93
  19,   21
 164,  171
  95,   91
 160,  169
  56,   59
 137,  132
 232,  233
 141,  139
 137,  130
  26,   34
 123,  137
 136,  147
  79,   65
  78,   79
 162,  150
 239,  241
  95,   99
  46,   44
 106,  114
 209,  217
 158,  160
  90,  100
 132,  149
 122,  115
  27,   34
 119,  109
 134,  133
 208,  212
 229,  230
 127,  139
  34,   34
 159,  158
  84,   79
  46,   56
 178,  175
 134,  128
  86,   82
  57,   58
 246,  248
  35,   43
 162,  173
  52,   52
 153,  156
 179,  179
   1,    4
  18,   24
 135,  130
 124,  122
 141,  148
 232,  232
 129,  138
 122,  115
 105,  120
 132,  118
 123,  130
 136,  137
 119,  127
 124,  124
  93,   99
 109,  107
  85,   89
  28,   31
 183,  173
 136,  126
  93,   92
 243,  246
 144,  164
  53,   61
 124,  119
   5,    4
  92,  103
 157,  160
 201,  202
  88,   74
 119,  114
  49,   50
  81,   94
 168,  165
  18,   19
  85,   94
 171,  175
 228,  224
  64,   63
 118,  114
 134,  132
  40,   37
  43,   51
 110,  112
 184,  175
 233,  235
 187,  197
 211,  198
 104,   98
 114,  118
 114,  115
  62,   58
 170,  174
  58,   72
 150,  141
 167,  158
 151,  159
 179,  170
 123,  127
 124,  121
  26,   17
 182,  179
 104,   97
 203,  217
 103,  110
  15,   14
 167,  156
 162,  156
 207,  199
  59,   65
 121,  107
 113,  126
 200,  198
 129,  127
 111,  114
 163,  159
 144,  142
 201,  211
 226,  224
  78,   88
 105,   89
 166,  167
 193,  182
 229,  232
 111,  103
 132,  123
 151,  162
  32,   29
  68,   70
   1,    2
 100,  103
 140,  136
 151,  133
 141,  144
 130,  122
  55,   55
 185,  174
 168,  160
 138,  144
 133,  133
 166,  166
 127,  111
 181,  175
 142,  142
 140,  130
 135,  130
 115,  117
 229,  230
 158,  169
  27,   32
 193,  185
 229,  231
 179,  179
 166,  159
 208,  215
  84,   84
  71,   61
  70,   70
  43,   60
 176,  182
 145,  136
  82,   87
  86,   84
 243,  247
  95,   96
 111,  102
 117,  112
 131,  113
  72,   74
 245,  249
  70,   72
 158,  157
  18,   14
  40,   40
 234,  230
  91,   69
 181,  186
 153,  161
  53,   35
 188,  177
 195,  203
 146,  155
 178,  175
 113,  103
  39,   40
 249,  250
 142,  132
 190,  194
 171,  175
  56,   54
 124,  129
 122,  111
  89,  101
 124,  115
 116,  116
 154,  171
  78,   80
 246,  248
 216,  226
 220,  219
 120,  120
 249,  250
 125,  113
  56,   56
 244,  243
 197,  197
 198,  203
 136,  129
 126,  127
 136,  134
  49,   51
  36,   39
 146,  150
  60,   67
 119,  111
 153,  149
 175,  171
 117,  134
 158,  161
  92,  102
 209,  216
  85,   90
 124,  117
 159,  165
 224,  226
  32,   33
 135,  136
  19,   24
  88,   99
 131,  133
 173,  168
 119,  119
 195,  203
 214,  214
 135,  139
  23,   28
 129,  126
  17,   11
 245,  246
 172,  171
  85,   88
 128,  132
 170,  173
  70,   68
 223,  221
 133,  126
 220,  223
 236,  229
  67,   54
 245,  244
  27,   27
 244,  245
 200,  200
 172,  172
   5,    8
   2,    1
  11,   15
 107,  113
 185,  194
 121,  134
  67,   63
 172,  177
 244,  246
 145,  150
  75,   73
 141,  136
 245,  244
 111,  111
 232,  236
 119,  131
 125,  118
  55,   49
  31,   29
 129,  133
  70,   82
 142,  147
 123,  148
   6,    4
 118,  126
 142,  145
 147,  145
 171,  184
  35,   34
 199,  201
  29,   24
  65,   71
 104,  107
 143,  149
 215,  214
 195,  195
 236,  232
 147,  145
  54,   66
 173,  165
  60,   55
  48,   50
 226,  225
 238,  237
  45,   46
   9,    9
 109,  114
  47,   46
 126,  114
 141,  138
 109,  114
 179,  177
  12,   11
 205,  198
  23,   21
  99,  112
  46,   48
 130,  129
  70,   74
 214,  228
  74,   49
 148,  145
 118,  113
 160,  158
 127,  127
 122,  132
  59,   76
 170,  164
  96,  102
 174,  183
  80,   91
 121,  126
 116,  122
 182,  184
 150,  153
 158,  136
 151,  141
  93,   92
  80,   91
 219,  218
 237,  240
 119,  129
 229,  228
 214,  214
  50,   54
 142,  142
  61,   58
  88,   87
 229,  235
 136,  121
 189,  182
  98,   91
 191,  191
 100,  101
 166,  160
 225,  227
 182,  186
 125,  136
 209,  209
 111,  118
  80,   78
 111,  106
  73,   70
  25,   23
 150,  156
 116,  107
 157,  152
  38,   44
 162,  171
 143,  151
 179,  186
  31,   31
 158,  161
  86,   99
 128,  123
 148,  165
  59,   66
 228,  227
  12,   14
  63,   48
 115,  117
 244,  244
 121,  104
   9,   10
 223,  229
  42,   53
 135,  142
 142,  142
 127,  126
 113,  127
 208,  213
  92,   97
 124,  118
 153,  158
  22,   23
 136,  129
 159,  155
 198,  205
 116,  117
 130,  143
 170,  173
  32,   33
 113,  111
 167,  164
 100,  105
 144,  162
 217,  229
 228,  220
 124,  121
  90,   98
  86,   91
  11,   13
 192,  193
 220,  228
 182,  181
  16,   20
  22,   24
  58,   68
 192,  195
 216,  217
   4,    5
 159,  155
  50,   45
 103,   97
 125,  150
 136,  141
 188,  188
 240,  234
 240,  241
 135,  129
   0,    2
 139,  148
 166,  165
 167,  161
 199,  196
  51,   56
  91,   86
   8,   10
  13,   18
 174,  178
  33,   38
 105,  112
 121,  123
  98,   94
 114,  120
 207,  217
  44,   42
 192,  187
 248,  247
 202,  210
 151,  152
 127,  117
 181,  174
  14,   13
   7,    8
  35,   36
  51,   36
 189,  172
 195,  184
  67,   69
  40,   37
 111,  109
  21,   22
  64,   69
  68,   80
 107,  109
 225,  226
 101,  107
  94,   90
  24,   28
 164,  169
 146,  153
 119,  108
 226,  224
 133,  124
 134,  129
  11,   10
  25,   30
  98,   96
 192,  197
 230,  224
 233,  231
  84,   84
 125,  127
 153,  147
  95,   94
  14,   12
  84,   82
 148,  158
 189,  189
 197,  200
 142,  136
  43,   48
 212,  212
 129,  121
 158,  156
  13,   15
 173,  171
 188,  183
 110,  124
  91,   90
  63,   74
 128,  135
 159,  170
  81,   73
 201,  200
 122,  117
  75,   94
   9,   12
  52,   54
  20,   12
 167,  182
 167,  163
  96,  109
  91,   91
 119,  115
 128,  131
 133,  136
 119,  110
 189,  199
  75,   74
 247,  248
 124,  120
  71,   66
 213,  222
 118,  117
 140,  145
  23,   20
  86,   78
 118,  126
 169,  174
  66,   57
  63,   60
 121,  125
 111,  103
  27,   28
 178,  179
  81,   77
 201,  196
  46,   38
  29,   25
 138,  143
 128,  126
 126,  120
 218,  210
  51,   49
  70,   75
 118,  113
 217,  217
 149,  137
 141,  157
 103,  101
  25,   25
  79,   91
  11,   11
 171,  174
 112,  108
  52,   51
  20,   26
 202,  206
 210,  210
  85,   75
 130,  143
  35,   30
 245,  246
  76,   84
  11,    7
  89,   69
 120,  120
  99,   97
 104,  102
  99,   99
 160,  164
 211,  210
  82,   89
 174,  189
 180,  182
  15,   19
  81,   83
  28,   29
  67,   69
  46,   49
 165,  151
  61,   61
 112,  115
 234,  225
 109,  106
 113,  109
  59,   51
 105,  121
 122,  119
 211,  217
 178,  175
  71,   79
  80,   80
  83,   84
  66,   72
 188,  189
  92,   96
  32,   34
 109,  118
 195,  181
 223,  223
 195,  200
 123,  123
  46,   38
  60,   47
 117,  115
 161,  155
 189,  192
 198,  199
 117,  124
 158,  159
 175,  152
 123,  130
  32,   23
 110,  104
  26,   26
   5,    3
 133,  128
  27,   31
 246,  241
 130,  126
 234,  238
  98,   92
  89,   80
 114,  104
 138,  146
  33,   28
 119,  130
   4,    4
 142,  156
  73,   74
 153,  157
  38,   37
 179,  189
  74,   78
  22,   20
  70,   70
  84,   81
 116,  133
 204,  190
 126,  118
   9,    3
 102,  105
  45,   47
 156,  160
  38,   40
 144,  147
 116,  118
 211,  220
 243,  246
 144,  140
 111,  115
  15,   20
 196,  201
 116,  109
  66,   77
  82,   88
 145,  159
 128,  122
  47,   51
 143,  144
 185,  184
  50,   47
 136,  141
  37,   36
  26,   20
 217,  216
 152,  146
 137,  129
 230,  231
 172,  181
  96,   88
  84,   86
 230,  232
 144,  157
  76,   75
 162,  164
 211,  213
 103,   97
 105,   99
 100,  108
  90,   87
 223,  224
 103,   86
 191,  191
 224,  233
 198,  200
 123,  120
  15,   17
 121,  119
 177,  174
 145,  144
  62,   63
  34,   34
 247,  248
 103,  101
 236,  238
 157,  160
 129,  133
 195,  195
  14,   14
  23,   29
  73,   72
 109,  114
  52,   55
  35,   40
 127,  126
  82,   75
 121,  121
 131,  130
 151,  156
 183,  189
 191,  188
 128,  134
 131,  129
  97,   99
 138,  145
 158,  161
  51,   52
  90,   94
  36,   47
 187,  196
 202,  199
 140,  130
 198,  188
 117,  118
  79,   91
 166,  166
 240,  240
 117,  118
 162,  179
 198,  187
 112,  110
   9,   12
 107,  110
 155,  153
 102,  105
  76,   81
 130,  131
 108,   97
  55,   59
  25,   30
 188,  185
 229,  232
  21,   16
 124,  122
 193,  190
 214,  210
  10,   12
 168,  171
 124,  118
 126,  127
 125,  127
 145,  152
  71,   72
 129,  133
 113,  108
  95,   86
 111,   92
 161,  162
  27,   28
 224,  226
 128,  127
 134,  133
 234,  232
  94,   99
  59,   67
  58,   61
 191,  183
 210,  212
  98,  103
  19,   17
 123,  112
  48,   50
 106,  104
  46,   49
  15,   10
  19,   17
  71,   68
 206,  211
 240,  246
  42,   51
 118,  109
 167,  165
  74,   71
 243,  246
 125,  131
 147,  153
 243,  245
 117,  105
 177,  187
 113,  125
 209,  210
 237,  238
 131,  133
  82,   79
  63,   68
  92,   89
 100,   96
 248,  249
 172,  183
  60,   43
  24,   25
 238,  239
 119,  117
 128,  123
 152,  155
 135,  131
 120,  130
  52,   60
 116,  108
 175,  176
  86,   80
   4,    4
  81,   86
 107,  116
 236,  240
 181,  183
 102,   98
 180,  177
 199,  198
 102,  115
 247,  249
  62,   67
 249,  249
 179,  171
 132,  132
  50,   57
 147,  145
 132,  126
 200,  207
  52,   45
 181,  169
  39,   34
 102,  101
 131,  140
 176,  177
  77,   78
 147,  143
  37,   35
 107,  110
 119,  118
  97,   92
   6,    9
 226,  232
 156,  155
 140,  120
  40,   46
 160,  155
  87,   81
  55,   60
 186,  183
 151,  150
  35,   47
 161,  167
  28,   25
 215,  223
 178,  172
 106,  107
  98,   94
 101,   94
 165,  169
  28,   22
 202,  204
 123,  119
 236,  237
 194,  204
  96,   96
  95,   98
  99,  113
  53,   57
  19,   14
 120,  116
 187,  184
 213,  225
 247,  249
  55,   45
 107,  111
  88,   65
 119,  121
 145,  143
